================================================
  Task 2: u = sin(5(x+y)) + 2, lambda=x+y
  Equation: div(lambda * grad(u)) + q = 0
================================================

Domain:   [0, 1] x [0, 1]
Mesh:     40 x 40
Nodes:    1681
Elements: 3200

u_min = 1.000532
u_max = 2.998531
u_avg = 1.955150

Boundary conditions:
  x=0: Dirichlet  u = sin(5y) + 2
  x=1: Neumann   -(lambda*du/dn) = -(x+y)*5*cos(5(x+y))
  y=0: Dirichlet  u = sin(5x) + 2
  y=1: Neumann   -(lambda*du/dn) = -(x+y)*5*cos(5(x+y))

------------------------------------------------
  Node       x           y           u
------------------------------------------------
      0  0.00000000  0.00000000    2.00000000
      1  0.02500000  0.00000000    2.12467473
      2  0.05000000  0.00000000    2.24740396
      3  0.07500000  0.00000000    2.36627253
      4  0.10000000  0.00000000    2.47942554
      5  0.12500000  0.00000000    2.58509727
      6  0.15000000  0.00000000    2.68163876
      7  0.17500000  0.00000000    2.76754350
      8  0.20000000  0.00000000    2.84147098
      9  0.22500000  0.00000000    2.90226759
     10  0.25000000  0.00000000    2.94898462
     11  0.27500000  0.00000000    2.98089306
     12  0.30000000  0.00000000    2.99749499
     13  0.32500000  0.00000000    2.99853134
     14  0.35000000  0.00000000    2.98398595
     15  0.37500000  0.00000000    2.95408578
     16  0.40000000  0.00000000    2.90929743
     17  0.42500000  0.00000000    2.85031979
     18  0.45000000  0.00000000    2.77807320
     19  0.47500000  0.00000000    2.69368503
     20  0.50000000  0.00000000    2.59847214
     21  0.52500000  0.00000000    2.49392030
     22  0.55000000  0.00000000    2.38166099
     23  0.57500000  0.00000000    2.26344599
     24  0.60000000  0.00000000    2.14112001
     25  0.62500000  0.00000000    2.01659189
     26  0.65000000  0.00000000    1.89180487
     27  0.67500000  0.00000000    1.76870619
     28  0.70000000  0.00000000    1.64921677
     29  0.72500000  0.00000000    1.53520121
     30  0.75000000  0.00000000    1.42843868
     31  0.77500000  0.00000000    1.33059517
     32  0.80000000  0.00000000    1.24319750
     33  0.82500000  0.00000000    1.16760949
     34  0.85000000  0.00000000    1.10501064
     35  0.87500000  0.00000000    1.05637781
     36  0.90000000  0.00000000    1.02246988
     37  0.92500000  0.00000000    1.00381599
     38  0.95000000  0.00000000    1.00070721
     39  0.97500000  0.00000000    1.01319206
     40  1.00000000  0.00000000    1.06929427
     41  0.00000000  0.02500000    2.12467473
     42  0.02500000  0.02500000    2.24926243
     43  0.05000000  0.02500000    2.36789615
     44  0.07500000  0.02500000    2.48041712
     45  0.10000000  0.02500000    2.58541884
     46  0.12500000  0.02500000    2.68134673
     47  0.15000000  0.02500000    2.76672006
     48  0.17500000  0.02500000    2.84020332
     49  0.20000000  0.02500000    2.90064100
     50  0.22500000  0.02500000    2.94708006
     51  0.25000000  0.02500000    2.97878634
     52  0.27500000  0.02500000    2.99525645
     53  0.30000000  0.02500000    2.99622576
     54  0.32500000  0.02500000    2.98167247
     55  0.35000000  0.02500000    2.95181791
     56  0.37500000  0.02500000    2.90712293
     57  0.40000000  0.02500000    2.84828069
     58  0.42500000  0.02500000    2.77620574
     59  0.45000000  0.02500000    2.69201969
     60  0.47500000  0.02500000    2.59703361
     61  0.50000000  0.02500000    2.49272759
     62  0.52500000  0.02500000    2.38072752
     63  0.55000000  0.02500000    2.26277975
     64  0.57500000  0.02500000    2.14072377
     65  0.60000000  0.02500000    2.01646347
     66  0.62500000  0.02500000    1.89193746
     67  0.65000000  0.02500000    1.76908877
     68  0.67500000  0.02500000    1.64983456
     69  0.70000000  0.02500000    1.53603623
     70  0.72500000  0.02500000    1.42947044
     71  0.75000000  0.02500000    1.33180153
     72  0.77500000  0.02500000    1.24455578
     73  0.80000000  0.02500000    1.16909813
     74  0.82500000  0.02500000    1.10661188
     75  0.85000000  0.02500000    1.05808244
     76  0.87500000  0.02500000    1.02428712
     77  0.90000000  0.02500000    1.00579622
     78  0.92500000  0.02500000    1.00300168
     79  0.95000000  0.02500000    1.01622777
     80  0.97500000  0.02500000    1.04612614
     81  1.00000000  0.02500000    1.09515040
     82  0.00000000  0.05000000    2.24740396
     83  0.02500000  0.05000000    2.36789606
     84  0.05000000  0.05000000    2.48087164
     85  0.07500000  0.05000000    2.58577253
     86  0.10000000  0.05000000    2.68139114
     87  0.12500000  0.05000000    2.76639452
     88  0.15000000  0.05000000    2.83951294
     89  0.17500000  0.05000000    2.89962095
     90  0.20000000  0.05000000    2.94577911
     91  0.22500000  0.05000000    2.97725874
     92  0.25000000  0.05000000    2.99355775
     93  0.27500000  0.05000000    2.99441043
     94  0.30000000  0.05000000    2.97979260
     95  0.32500000  0.05000000    2.94992228
     96  0.35000000  0.05000000    2.90525653
     97  0.37500000  0.05000000    2.84648429
     98  0.40000000  0.05000000    2.77451563
     99  0.42500000  0.05000000    2.69046747
    100  0.45000000  0.05000000    2.59564613
    101  0.47500000  0.05000000    2.49152682
    102  0.50000000  0.05000000    2.37973060
    103  0.52500000  0.05000000    2.26199899
    104  0.55000000  0.05000000    2.14016677
    105  0.57500000  0.05000000    2.01613330
    106  0.60000000  0.05000000    1.89183280
    107  0.62500000  0.05000000    1.76920422
    108  0.65000000  0.05000000    1.65016089
    109  0.67500000  0.05000000    1.53656076
    110  0.70000000  0.05000000    1.43017740
    111  0.72500000  0.05000000    1.33267245
    112  0.75000000  0.05000000    1.24556993
    113  0.77500000  0.05000000    1.17023282
    114  0.80000000  0.05000000    1.10784249
    115  0.82500000  0.05000000    1.05938164
    116  0.85000000  0.05000000    1.02562151
    117  0.87500000  0.05000000    1.00711483
    118  0.90000000  0.05000000    1.00419711
    119  0.92500000  0.05000000    1.01699957
    120  0.95000000  0.05000000    1.04547261
    121  0.97500000  0.05000000    1.08936888
    122  1.00000000  0.05000000    1.14782589
    123  0.00000000  0.07500000    2.36627253
    124  0.02500000  0.07500000    2.48041679
    125  0.05000000  0.07500000    2.58577216
    126  0.07500000  0.07500000    2.68144970
    127  0.10000000  0.07500000    2.76631265
    128  0.12500000  0.07500000    2.83920258
    129  0.15000000  0.07500000    2.89905571
    130  0.17500000  0.07500000    2.94496654
    131  0.20000000  0.07500000    2.97622491
    132  0.22500000  0.07500000    2.99233850
    133  0.25000000  0.07500000    2.99304631
    134  0.27500000  0.07500000    2.97832570
    135  0.30000000  0.07500000    2.94839440
    136  0.32500000  0.07500000    2.90370783
    137  0.35000000  0.07500000    2.84495250
    138  0.37500000  0.07500000    2.77303544
    139  0.40000000  0.07500000    2.68907012
    140  0.42500000  0.07500000    2.59435909
    141  0.45000000  0.07500000    2.49037363
    142  0.47500000  0.07500000    2.37873073
    143  0.50000000  0.07500000    2.26116777
    144  0.52500000  0.07500000    2.13951541
    145  0.55000000  0.07500000    2.01566890
    146  0.57500000  0.07500000    1.89155852
    147  0.60000000  0.07500000    1.76911933
    148  0.62500000  0.07500000    1.65026104
    149  0.65000000  0.07500000    1.53683811
    150  0.67500000  0.07500000    1.43062089
    151  0.70000000  0.07500000    1.33326803
    152  0.72500000  0.07500000    1.24630067
    153  0.75000000  0.07500000    1.17107899
    154  0.77500000  0.07500000    1.10878128
    155  0.80000000  0.07500000    1.06038623
    156  0.82500000  0.07500000    1.02665863
    157  0.85000000  0.07500000    1.00813913
    158  0.87500000  0.07500000    1.00513822
    159  0.90000000  0.07500000    1.01773425
    160  0.92500000  0.07500000    1.04577273
    161  0.95000000  0.07500000    1.08885505
    162  0.97500000  0.07500000    1.14628085
    163  1.00000000  0.07500000    1.21686948
    164  0.00000000  0.10000000    2.47942554
    165  0.02500000  0.10000000    2.58541811
    166  0.05000000  0.10000000    2.68139008
    167  0.07500000  0.10000000    2.76631179
    168  0.10000000  0.10000000    2.83911804
    169  0.12500000  0.10000000    2.89881203
    170  0.15000000  0.10000000    2.94453256
    171  0.17500000  0.10000000    2.97559755
    172  0.20000000  0.10000000    2.99153196
    173  0.22500000  0.10000000    2.99208506
    174  0.25000000  0.10000000    2.97723999
    175  0.27500000  0.10000000    2.94721722
    176  0.30000000  0.10000000    2.90247299
    177  0.32500000  0.10000000    2.84369324
    178  0.35000000  0.10000000    2.77178349
    179  0.37500000  0.10000000    2.68785503
    180  0.40000000  0.10000000    2.59320775
    181  0.42500000  0.10000000    2.48930991
    182  0.45000000  0.10000000    2.37777524
    183  0.47500000  0.10000000    2.26033771
    184  0.50000000  0.10000000    2.13882446
    185  0.52500000  0.10000000    2.01512719
    186  0.55000000  0.10000000    1.89117263
    187  0.57500000  0.10000000    1.76889236
    188  0.60000000  0.10000000    1.65019269
    189  0.62500000  0.10000000    1.53692482
    190  0.65000000  0.10000000    1.43085596
    191  0.67500000  0.10000000    1.33364176
    192  0.70000000  0.10000000    1.24680048
    193  0.72500000  0.10000000    1.17168942
    194  0.75000000  0.10000000    1.10948384
    195  0.77500000  0.10000000    1.06115895
    196  0.80000000  0.10000000    1.02747498
    197  0.82500000  0.10000000    1.00896584
    198  0.85000000  0.10000000    1.00593141
    199  0.87500000  0.10000000    1.01843305
    200  0.90000000  0.10000000    1.04629167
    201  0.92500000  0.10000000    1.08908524
    202  0.95000000  0.10000000    1.14614026
    203  0.97500000  0.10000000    1.21650912
    204  1.00000000  0.10000000    1.29894278
    205  0.00000000  0.12500000    2.58509727
    206  0.02500000  0.12500000    2.68134541
    207  0.05000000  0.12500000    2.76639239
    208  0.07500000  0.12500000    2.83920031
    209  0.10000000  0.12500000    2.89881043
    210  0.12500000  0.12500000    2.94439643
    211  0.15000000  0.12500000    2.97530353
    212  0.17500000  0.12500000    2.99107632
    213  0.20000000  0.12500000    2.99147747
    214  0.22500000  0.12500000    2.97649885
    215  0.25000000  0.12500000    2.94636628
    216  0.27500000  0.12500000    2.90153893
    217  0.30000000  0.12500000    2.84270394
    218  0.32500000  0.12500000    2.77076679
    219  0.35000000  0.12500000    2.68683784
    220  0.37500000  0.12500000    2.59221538
    221  0.40000000  0.12500000    2.48836560
    222  0.42500000  0.12500000    2.37689976
    223  0.45000000  0.12500000    2.25954914
    224  0.47500000  0.12500000    2.13813798
    225  0.50000000  0.12500000    2.01455500
    226  0.52500000  0.12500000    1.89072384
    227  0.55000000  0.12500000    1.76857303
    228  0.57500000  0.12500000    1.65000582
    229  0.60000000  0.12500000    1.53687042
    230  0.62500000  0.12500000    1.43093114
    231  0.65000000  0.12500000    1.33384077
    232  0.67500000  0.12500000    1.24711486
    233  0.70000000  0.12500000    1.17210799
    234  0.72500000  0.12500000    1.10999273
    235  0.75000000  0.12500000    1.06174137
    236  0.77500000  0.12500000    1.02811087
    237  0.80000000  0.12500000    1.00963115
    238  0.82500000  0.12500000    1.00659692
    239  0.85000000  0.12500000    1.01906288
    240  0.87500000  0.12500000    1.04684215
    241  0.90000000  0.12500000    1.08950710
    242  0.92500000  0.12500000    1.14639119
    243  0.95000000  0.12500000    1.21659068
    244  0.97500000  0.12500000    1.29896747
    245  1.00000000  0.12500000    1.39216560
    246  0.00000000  0.15000000    2.68163876
    247  0.02500000  0.15000000    2.76671793
    248  0.05000000  0.15000000    2.83950931
    249  0.07500000  0.15000000    2.89905140
    250  0.10000000  0.15000000    2.94452853
    251  0.12500000  0.15000000    2.97530090
    252  0.15000000  0.15000000    2.99092754
    253  0.17500000  0.15000000    2.99118306
    254  0.20000000  0.15000000    2.97606833
    255  0.22500000  0.15000000    2.94581554
    256  0.25000000  0.15000000    2.90088804
    257  0.27500000  0.15000000    2.84197542
    258  0.30000000  0.15000000    2.76998430
    259  0.32500000  0.15000000    2.68602516
    260  0.35000000  0.15000000    2.59139563
    261  0.37500000  0.15000000    2.48756066
    262  0.40000000  0.15000000    2.37612983
    263  0.42500000  0.15000000    2.25883240
    264  0.45000000  0.15000000    2.13749033
    265  0.47500000  0.15000000    2.01398988
    266  0.50000000  0.15000000    1.89025212
    267  0.52500000  0.15000000    1.76820295
    268  0.55000000  0.15000000    1.64974293
    269  0.57500000  0.15000000    1.53671760
    270  0.60000000  0.15000000    1.43088863
    271  0.62500000  0.15000000    1.33390626
    272  0.65000000  0.15000000    1.24728349
    273  0.67500000  0.15000000    1.17237246
    274  0.70000000  0.15000000    1.11034329
    275  0.72500000  0.15000000    1.06216583
    276  0.75000000  0.15000000    1.02859452
    277  0.77500000  0.15000000    1.01015656
    278  0.80000000  0.15000000    1.00714366
    279  0.82500000  0.15000000    1.01960726
    280  0.85000000  0.15000000    1.04735730
    281  0.87500000  0.15000000    1.08996419
    282  0.90000000  0.15000000    1.14676371
    283  0.92500000  0.15000000    1.21686435
    284  0.95000000  0.15000000    1.29915747
    285  0.97500000  0.15000000    1.39233219
    286  1.00000000  0.15000000    1.49490112
    287  0.00000000  0.17500000    2.76754350
    288  0.02500000  0.17500000    2.84020015
    289  0.05000000  0.17500000    2.89961536
    290  0.07500000  0.17500000    2.94495949
    291  0.10000000  0.17500000    2.97559019
    292  0.12500000  0.17500000    2.99106994
    293  0.15000000  0.17500000    2.99117910
    294  0.17500000  0.17500000    2.97592448
    295  0.20000000  0.17500000    2.94554338
    296  0.22500000  0.17500000    2.90050310
    297  0.25000000  0.17500000    2.84149600
    298  0.27500000  0.17500000    2.76943036
    299  0.30000000  0.17500000    2.68541745
    300  0.32500000  0.17500000    2.59075493
    301  0.35000000  0.17500000    2.48690717
    302  0.37500000  0.17500000    2.37548272
    303  0.40000000  0.17500000    2.25820938
    304  0.42500000  0.17500000    2.13690741
    305  0.45000000  0.17500000    2.01346113
    306  0.47500000  0.17500000    1.88978950
    307  0.50000000  0.17500000    1.76781618
    308  0.52500000  0.17500000    1.64943944
    309  0.55000000  0.17500000    1.53650251
    310  0.57500000  0.17500000    1.43076472
    311  0.60000000  0.17500000    1.33387398
    312  0.62500000  0.17500000    1.24734103
    313  0.65000000  0.17500000    1.17251579
    314  0.67500000  0.17500000    1.11056621
    315  0.70000000  0.17500000    1.06246001
    316  0.72500000  0.17500000    1.02894955
    317  0.75000000  0.17500000    1.01055995
    318  0.77500000  0.17500000    1.00758083
    319  0.80000000  0.17500000    1.02006164
    320  0.82500000  0.17500000    1.04781057
    321  0.85000000  0.17500000    1.09039703
    322  0.87500000  0.17500000    1.14715756
    323  0.90000000  0.17500000    1.21720493
    324  0.92500000  0.17500000    1.29944046
    325  0.95000000  0.17500000    1.39256981
    326  0.97500000  0.17500000    1.49512358
    327  1.00000000  0.17500000    1.60548436
    328  0.00000000  0.20000000    2.84147098
    329  0.02500000  0.20000000    2.90063653
    330  0.05000000  0.20000000    2.94577106
    331  0.07500000  0.20000000    2.97621439
    332  0.10000000  0.20000000    2.99152029
    333  0.12500000  0.20000000    2.99146614
    334  0.15000000  0.20000000    2.97605897
    335  0.17500000  0.20000000    2.94553776
    336  0.20000000  0.20000000    2.90037183
    337  0.22500000  0.20000000    2.84125536
    338  0.25000000  0.20000000    2.76909803
    339  0.27500000  0.20000000    2.68501194
    340  0.30000000  0.20000000    2.59029503
    341  0.32500000  0.20000000    2.48641147
    342  0.35000000  0.20000000    2.37496920
    343  0.37500000  0.20000000    2.25769506
    344  0.40000000  0.20000000    2.13640801
    345  0.42500000  0.20000000    2.01299087
    346  0.45000000  0.20000000    1.88936091
    347  0.47500000  0.20000000    1.76743994
    348  0.50000000  0.20000000    1.64912432
    349  0.52500000  0.20000000    1.53625526
    350  0.55000000  0.20000000    1.43059005
    351  0.57500000  0.20000000    1.33377457
    352  0.60000000  0.20000000    1.24731755
    353  0.62500000  0.20000000    1.17256689
    354  0.65000000  0.20000000    1.11068863
    355  0.67500000  0.20000000    1.06264861
    356  0.70000000  0.20000000    1.02919737
    357  0.72500000  0.20000000    1.01085829
    358  0.75000000  0.20000000    1.00791938
    359  0.77500000  0.20000000    1.02042857
    360  0.80000000  0.20000000    1.04819282
    361  0.82500000  0.20000000    1.09078079
    362  0.85000000  0.20000000    1.14752912
    363  0.87500000  0.20000000    1.21755224
    364  0.90000000  0.20000000    1.29975539
    365  0.92500000  0.20000000    1.39285100
    366  0.95000000  0.20000000    1.49537855
    367  0.97500000  0.20000000    1.60572814
    368  1.00000000  0.20000000    1.72216811
    369  0.00000000  0.22500000    2.90226759
    370  0.02500000  0.22500000    2.94707402
    371  0.05000000  0.22500000    2.97724768
    372  0.07500000  0.22500000    2.99232371
    373  0.10000000  0.22500000    2.99206803
    374  0.12500000  0.22500000    2.97648127
    375  0.15000000  0.22500000    2.94579926
    376  0.17500000  0.22500000    2.90049010
    377  0.20000000  0.22500000    2.84124775
    378  0.22500000  0.22500000    2.76898203
    379  0.25000000  0.22500000    2.68480521
    380  0.27500000  0.22500000    2.59001528
    381  0.30000000  0.22500000    2.48607621
    382  0.32500000  0.22500000    2.37459544
    383  0.35000000  0.22500000    2.25729908
    384  0.37500000  0.22500000    2.13600514
    385  0.40000000  0.22500000    2.01259521
    386  0.42500000  0.22500000    1.88898522
    387  0.45000000  0.22500000    1.76709547
    388  0.47500000  0.22500000    1.64882069
    389  0.50000000  0.22500000    1.53600038
    390  0.52500000  0.22500000    1.43039010
    391  0.55000000  0.22500000    1.33363394
    392  0.57500000  0.22500000    1.24723882
    393  0.60000000  0.22500000    1.17255092
    394  0.62500000  0.22500000    1.11073453
    395  0.65000000  0.22500000    1.06275381
    396  0.67500000  0.22500000    1.02935770
    397  0.70000000  0.22500000    1.01106808
    398  0.72500000  0.22500000    1.00817153
    399  0.75000000  0.22500000    1.02071474
    400  0.77500000  0.22500000    1.04850362
    401  0.80000000  0.22500000    1.09110612
    402  0.82500000  0.22500000    1.14785870
    403  0.85000000  0.22500000    1.21787632
    404  0.87500000  0.22500000    1.30006590
    405  0.90000000  0.22500000    1.39314292
    406  0.92500000  0.22500000    1.49565119
    407  0.95000000  0.22500000    1.60598562
    408  0.97500000  0.22500000    1.72241800
    409  1.00000000  0.22500000    1.84312525
    410  0.00000000  0.25000000    2.94898462
    411  0.02500000  0.25000000    2.97877843
    412  0.05000000  0.25000000    2.99354310
    413  0.07500000  0.25000000    2.99302638
    414  0.10000000  0.25000000    2.97721646
    415  0.12500000  0.25000000    2.94634107
    416  0.15000000  0.25000000    2.90086320
    417  0.17500000  0.25000000    2.84147375
    418  0.20000000  0.25000000    2.76908073
    419  0.22500000  0.25000000    2.68479528
    420  0.25000000  0.25000000    2.58991465
    421  0.27500000  0.25000000    2.48590215
    422  0.30000000  0.25000000    2.37436457
    423  0.32500000  0.25000000    2.25702726
    424  0.35000000  0.25000000    2.13570734
    425  0.37500000  0.25000000    2.01228540
    426  0.40000000  0.25000000    1.88867621
    427  0.42500000  0.25000000    1.76679880
    428  0.45000000  0.25000000    1.64854652
    429  0.47500000  0.25000000    1.53575745
    430  0.50000000  0.25000000    1.43018561
    431  0.52500000  0.25000000    1.33347355
    432  0.55000000  0.25000000    1.24712665
    433  0.57500000  0.25000000    1.17248950
    434  0.60000000  0.25000000    1.11072487
    435  0.62500000  0.25000000    1.06279542
    436  0.65000000  0.25000000    1.02944866
    437  0.67500000  0.25000000    1.01120510
    438  0.70000000  0.25000000    1.00835006
    439  0.72500000  0.25000000    1.02092913
    440  0.75000000  0.25000000    1.04874726
    441  0.77500000  0.25000000    1.09137167
    442  0.80000000  0.25000000    1.14813845
    443  0.82500000  0.25000000    1.21816262
    444  0.85000000  0.25000000    1.30035178
    445  0.87500000  0.25000000    1.39342282
    446  0.90000000  0.25000000    1.49592172
    447  0.92500000  0.25000000    1.60624618
    448  0.95000000  0.25000000    1.72267071
    449  0.97500000  0.25000000    1.84337405
    450  1.00000000  0.25000000    1.96646826
    451  0.00000000  0.27500000    2.98089306
    452  0.02500000  0.27500000    2.99524636
    453  0.05000000  0.27500000    2.99439158
    454  0.07500000  0.27500000    2.97829972
    455  0.10000000  0.27500000    2.94718600
    456  0.12500000  0.27500000    2.90150461
    457  0.15000000  0.27500000    2.84194031
    458  0.17500000  0.27500000    2.76939691
    459  0.20000000  0.27500000    2.68498274
    460  0.22500000  0.27500000    2.58999302
    461  0.25000000  0.27500000    2.48588961
    462  0.27500000  0.27500000    2.37427810
    463  0.30000000  0.27500000    2.25688282
    464  0.32500000  0.27500000    2.13551989
    465  0.35000000  0.27500000    2.01206887
    466  0.37500000  0.27500000    1.88844347
    467  0.40000000  0.27500000    1.76656158
    468  0.42500000  0.27500000    1.64831536
    469  0.45000000  0.27500000    1.53554160
    470  0.47500000  0.27500000    1.42999304
    471  0.50000000  0.27500000    1.33331086
    472  0.52500000  0.27500000    1.24699907
    473  0.55000000  0.27500000    1.17240089
    474  0.57500000  0.27500000    1.11067772
    475  0.60000000  0.27500000    1.06279088
    476  0.62500000  0.27500000    1.02948659
    477  0.65000000  0.27500000    1.01128413
    478  0.67500000  0.27500000    1.00846770
    479  0.70000000  0.27500000    1.02108182
    480  0.72500000  0.27500000    1.04893056
    481  0.75000000  0.27500000    1.09158043
    482  0.77500000  0.27500000    1.14836702
    483  0.80000000  0.27500000    1.21840516
    484  0.82500000  0.27500000    1.30060263
    485  0.85000000  0.27500000    1.39367693
    486  0.87500000  0.27500000    1.49617517
    487  0.90000000  0.27500000    1.60649658
    488  0.92500000  0.27500000    1.72291750
    489  0.95000000  0.27500000    1.84361834
    490  0.97500000  0.27500000    1.96671224
    491  1.00000000  0.27500000    2.09027494
    492  0.00000000  0.30000000    2.99749499
    493  0.02500000  0.30000000    2.99621314
    494  0.05000000  0.30000000    2.97976885
    495  0.07500000  0.30000000    2.94836136
    496  0.10000000  0.30000000    2.90243279
    497  0.12500000  0.30000000    2.84265895
    498  0.15000000  0.30000000    2.76993708
    499  0.17500000  0.30000000    2.68537073
    500  0.20000000  0.30000000    2.59025165
    501  0.22500000  0.30000000    2.48603911
    502  0.25000000  0.30000000    2.37433677
    503  0.27500000  0.30000000    2.25686737
    504  0.30000000  0.30000000    2.13544571
    505  0.32500000  0.30000000    2.01195016
    506  0.35000000  0.30000000    1.88829329
    507  0.37500000  0.30000000    1.76639188
    508  0.40000000  0.30000000    1.64813696
    509  0.42500000  0.30000000    1.53536417
    510  0.45000000  0.30000000    1.42982507
    511  0.47500000  0.30000000    1.33315964
    512  0.50000000  0.30000000    1.24687068
    513  0.52500000  0.30000000    1.17230018
    514  0.55000000  0.30000000    1.11060831
    515  0.57500000  0.30000000    1.06275523
    516  0.60000000  0.30000000    1.02948596
    517  0.62500000  0.30000000    1.01131869
    518  0.65000000  0.30000000    1.00853655
    519  0.67500000  0.30000000    1.02118312
    520  0.70000000  0.30000000    1.04906161
    521  0.72500000  0.30000000    1.09173782
    522  0.75000000  0.30000000    1.14854678
    523  0.77500000  0.30000000    1.21860301
    524  0.80000000  0.30000000    1.30081416
    525  0.82500000  0.30000000    1.39389797
    526  0.85000000  0.30000000    1.49640207
    527  0.87500000  0.30000000    1.60672655
    528  0.90000000  0.30000000    1.72314885
    529  0.92500000  0.30000000    1.84385061
    530  0.95000000  0.30000000    1.96694612
    531  0.97500000  0.30000000    2.09051188
    532  1.00000000  0.30000000    2.21261683
    533  0.00000000  0.32500000    2.99853134
    534  0.02500000  0.32500000    2.98165695
    535  0.05000000  0.32500000    2.94989292
    536  0.07500000  0.32500000    2.90366668
    537  0.10000000  0.32500000    2.84364267
    538  0.12500000  0.32500000    2.77070944
    539  0.15000000  0.32500000    2.68596389
    540  0.17500000  0.32500000    2.59069275
    541  0.20000000  0.32500000    2.48635150
    542  0.22500000  0.32500000    2.37454090
    543  0.25000000  0.32500000    2.25698141
    544  0.27500000  0.32500000    2.13548602
    545  0.30000000  0.32500000    2.01193158
    546  0.32500000  0.32500000    1.88822931
    547  0.35000000  0.32500000    1.76629480
    548  0.37500000  0.32500000    1.64801791
    549  0.40000000  0.32500000    1.53523317
    550  0.42500000  0.32500000    1.42969103
    551  0.45000000  0.32500000    1.33303037
    552  0.47500000  0.32500000    1.24675289
    553  0.50000000  0.32500000    1.17219947
    554  0.52500000  0.32500000    1.11052920
    555  0.55000000  0.32500000    1.06270113
    556  0.57500000  0.32500000    1.02945926
    557  0.60000000  0.32500000    1.01132074
    558  0.62500000  0.32500000    1.00856776
    559  0.65000000  0.32500000    1.02124300
    560  0.67500000  0.32500000    1.04914886
    561  0.70000000  0.32500000    1.09185044
    562  0.72500000  0.32500000    1.14868219
    563  0.75000000  0.32500000    1.21875822
    564  0.77500000  0.32500000    1.30098595
    565  0.80000000  0.32500000    1.39408307
    566  0.82500000  0.32500000    1.49659741
    567  0.85000000  0.32500000    1.60692951
    568  0.87500000  0.32500000    1.72335746
    569  0.90000000  0.32500000    1.84406372
    570  0.92500000  0.32500000    1.96716348
    571  0.95000000  0.32500000    2.09073407
    572  0.97500000  0.32500000    2.21284506
    573  1.00000000  0.32500000    2.33158844
    574  0.00000000  0.35000000    2.98398595
    575  0.02500000  0.35000000    2.95179907
    576  0.05000000  0.35000000    2.90522074
    577  0.07500000  0.35000000    2.84490206
    578  0.10000000  0.35000000    2.77172104
    579  0.12500000  0.35000000    2.68676633
    580  0.15000000  0.35000000    2.59131822
    581  0.17500000  0.35000000    2.48682719
    582  0.20000000  0.35000000    2.37489009
    583  0.22500000  0.35000000    2.25722436
    584  0.25000000  0.35000000    2.13564055
    585  0.27500000  0.35000000    2.01201355
    586  0.30000000  0.35000000    1.88825295
    587  0.32500000  0.35000000    1.76627291
    588  0.35000000  0.35000000    1.64796205
    589  0.37500000  0.35000000    1.53515373
    590  0.40000000  0.35000000    1.42959730
    591  0.42500000  0.35000000    1.33293059
    592  0.45000000  0.35000000    1.24665424
    593  0.47500000  0.35000000    1.17210813
    594  0.50000000  0.35000000    1.11045033
    595  0.52500000  0.35000000    1.06263893
    596  0.55000000  0.35000000    1.02941695
    597  0.57500000  0.35000000    1.01130063
    598  0.60000000  0.35000000    1.00857126
    599  0.62500000  0.35000000    1.02127070
    600  0.65000000  0.35000000    1.04920057
    601  0.67500000  0.35000000    1.09192531
    602  0.70000000  0.35000000    1.14877879
    603  0.72500000  0.35000000    1.21887464
    604  0.75000000  0.35000000    1.30111996
    605  0.77500000  0.35000000    1.39423227
    606  0.80000000  0.35000000    1.49675941
    607  0.82500000  0.35000000    1.60710209
    608  0.85000000  0.35000000    1.72353877
    609  0.87500000  0.35000000    1.84425242
    610  0.90000000  0.35000000    1.96735887
    611  0.92500000  0.35000000    2.09093614
    612  0.95000000  0.35000000    2.21305446
    613  0.97500000  0.35000000    2.33180639
    614  1.00000000  0.35000000    2.44533666
    615  0.00000000  0.37500000    2.95408578
    616  0.02500000  0.37500000    2.90710033
    617  0.05000000  0.37500000    2.84644120
    618  0.07500000  0.37500000    2.77297443
    619  0.10000000  0.37500000    2.68777905
    620  0.12500000  0.37500000    2.59212773
    621  0.15000000  0.37500000    2.48746485
    622  0.17500000  0.37500000    2.37538243
    623  0.20000000  0.37500000    2.25759411
    624  0.22500000  0.37500000    2.13590737
    625  0.25000000  0.37500000    2.01219466
    626  0.27500000  0.37500000    1.88836357
    627  0.30000000  0.37500000    1.76632657
    628  0.32500000  0.37500000    1.64797083
    629  0.35000000  0.37500000    1.53512846
    630  0.37500000  0.37500000    1.42954765
    631  0.40000000  0.37500000    1.33286516
    632  0.42500000  0.37500000    1.24658062
    633  0.45000000  0.37500000    1.17203294
    634  0.47500000  0.37500000    1.11037925
    635  0.50000000  0.37500000    1.06257672
    636  0.52500000  0.37500000    1.02936750
    637  0.55000000  0.37500000    1.01126695
    638  0.57500000  0.37500000    1.00855556
    639  0.60000000  0.37500000    1.02127441
    640  0.62500000  0.37500000    1.04922440
    641  0.65000000  0.37500000    1.09196932
    642  0.67500000  0.37500000    1.14884246
    643  0.70000000  0.37500000    1.21895698
    644  0.72500000  0.37500000    1.30121959
    645  0.75000000  0.37500000    1.39434756
    646  0.77500000  0.37500000    1.49688860
    647  0.80000000  0.37500000    1.60724345
    648  0.82500000  0.37500000    1.72369072
    649  0.85000000  0.37500000    1.84441370
    650  0.87500000  0.37500000    1.96752863
    651  0.90000000  0.37500000    2.09111406
    652  0.92500000  0.37500000    2.21324077
    653  0.95000000  0.37500000    2.33200190
    654  0.97500000  0.37500000    2.44554269
    655  1.00000000  0.37500000    2.55208943
    656  0.00000000  0.40000000    2.90929743
    657  0.02500000  0.40000000    2.84825383
    658  0.05000000  0.40000000    2.77446426
    659  0.07500000  0.40000000    2.68899711
    660  0.10000000  0.40000000    2.59311643
    661  0.12500000  0.40000000    2.48825964
    662  0.15000000  0.40000000    2.37601316
    663  0.17500000  0.40000000    2.25808610
    664  0.20000000  0.40000000    2.13628233
    665  0.22500000  0.40000000    2.01247136
    666  0.25000000  0.40000000    1.88855837
    667  0.27500000  0.40000000    1.76645388
    668  0.30000000  0.40000000    1.64804339
    669  0.32500000  0.40000000    1.53515758
    670  0.35000000  0.40000000    1.42954341
    671  0.37500000  0.40000000    1.33283651
    672  0.40000000  0.40000000    1.24653550
    673  0.42500000  0.40000000    1.17197831
    674  0.45000000  0.40000000    1.11032119
    675  0.47500000  0.40000000    1.06252044
    676  0.50000000  0.40000000    1.02931735
    677  0.52500000  0.40000000    1.01122652
    678  0.55000000  0.40000000    1.00852765
    679  0.57500000  0.40000000    1.02126110
    680  0.60000000  0.40000000    1.04922711
    681  0.62500000  0.40000000    1.09198883
    682  0.65000000  0.40000000    1.14887899
    683  0.67500000  0.40000000    1.21901025
    684  0.70000000  0.40000000    1.30128895
    685  0.72500000  0.40000000    1.39443202
    686  0.75000000  0.40000000    1.49698699
    687  0.77500000  0.40000000    1.60735449
    688  0.80000000  0.40000000    1.72381317
    689  0.82500000  0.40000000    1.84454649
    690  0.85000000  0.40000000    1.96767093
    691  0.87500000  0.40000000    2.09126540
    692  0.90000000  0.40000000    2.21340115
    693  0.92500000  0.40000000    2.33217178
    694  0.95000000  0.40000000    2.44572306
    695  0.97500000  0.40000000    2.55228175
    696  1.00000000  0.40000000    2.65018335
    697  0.00000000  0.42500000    2.85031979
    698  0.02500000  0.42500000    2.77617405
    699  0.05000000  0.42500000    2.69040672
    700  0.07500000  0.42500000    2.59427250
    701  0.10000000  0.42500000    2.48920122
    702  0.12500000  0.42500000    2.37677309
    703  0.15000000  0.42500000    2.25869216
    704  0.17500000  0.42500000    2.13675820
    705  0.20000000  0.42500000    2.01283734
    706  0.22500000  0.42500000    1.88883204
    707  0.25000000  0.42500000    1.76665055
    708  0.27500000  0.42500000    1.64817650
    709  0.30000000  0.42500000    1.53523898
    710  0.32500000  0.42500000    1.42958358
    711  0.35000000  0.42500000    1.33284475
    712  0.37500000  0.42500000    1.24652003
    713  0.40000000  0.42500000    1.17194641
    714  0.42500000  0.42500000    1.11027922
    715  0.45000000  0.42500000    1.06247392
    716  0.47500000  0.42500000    1.02927102
    717  0.50000000  0.42500000    1.01118436
    718  0.52500000  0.42500000    1.00849293
    719  0.55000000  0.42500000    1.02123640
    720  0.57500000  0.42500000    1.04921437
    721  0.60000000  0.42500000    1.09198938
    722  0.62500000  0.42500000    1.14889365
    723  0.65000000  0.42500000    1.21903933
    724  0.67500000  0.42500000    1.30133235
    725  0.70000000  0.42500000    1.39448931
    726  0.72500000  0.42500000    1.49705746
    727  0.75000000  0.42500000    1.60743730
    728  0.77500000  0.42500000    1.72390742
    729  0.80000000  0.42500000    1.84465128
    730  0.82500000  0.42500000    1.96778555
    731  0.85000000  0.42500000    2.09138937
    732  0.87500000  0.42500000    2.21353428
    733  0.90000000  0.42500000    2.33231432
    734  0.92500000  0.42500000    2.44587566
    735  0.95000000  0.42500000    2.55244557
    736  0.97500000  0.42500000    2.65036001
    737  1.00000000  0.42500000    2.73808960
    738  0.00000000  0.45000000    2.77807320
    739  0.02500000  0.45000000    2.69198252
    740  0.05000000  0.45000000    2.59557474
    741  0.07500000  0.45000000    2.49027165
    742  0.10000000  0.45000000    2.37764688
    743  0.12500000  0.45000000    2.25939907
    744  0.15000000  0.45000000    2.13732352
    745  0.17500000  0.45000000    2.01328273
    746  0.20000000  0.45000000    1.88917613
    747  0.22500000  0.45000000    1.76690948
    748  0.25000000  0.45000000    1.64836434
    749  0.27500000  0.45000000    1.53536807
    750  0.30000000  0.45000000    1.42966478
    751  0.32500000  0.45000000    1.33288766
    752  0.35000000  0.45000000    1.24653313
    753  0.37500000  0.45000000    1.17193718
    754  0.40000000  0.45000000    1.11025425
    755  0.42500000  0.45000000    1.06243898
    756  0.45000000  0.45000000    1.02923110
    757  0.47500000  0.45000000    1.01114373
    758  0.50000000  0.45000000    1.00845518
    759  0.52500000  0.45000000    1.02120447
    760  0.55000000  0.45000000    1.04919060
    761  0.57500000  0.45000000    1.09197554
    762  0.60000000  0.45000000    1.14889098
    763  0.62500000  0.45000000    1.21904861
    764  0.65000000  0.45000000    1.30135392
    765  0.67500000  0.45000000    1.39452317
    766  0.70000000  0.45000000    1.49710333
    767  0.72500000  0.45000000    1.60749466
    768  0.75000000  0.45000000    1.72397564
    769  0.77500000  0.45000000    1.84472971
    770  0.80000000  0.45000000    1.96787356
    771  0.82500000  0.45000000    2.09148648
    772  0.85000000  0.45000000    2.21364025
    773  0.87500000  0.45000000    2.33242919
    774  0.90000000  0.45000000    2.44599984
    775  0.92500000  0.45000000    2.55257989
    776  0.95000000  0.45000000    2.65050574
    777  0.97500000  0.45000000    2.73824851
    778  1.00000000  0.45000000    2.81443779
    779  0.00000000  0.47500000    2.69368503
    780  0.02500000  0.47500000    2.59699022
    781  0.05000000  0.47500000    2.49144333
    782  0.07500000  0.47500000    2.37861126
    783  0.10000000  0.47500000    2.26018707
    784  0.12500000  0.47500000    2.13796147
    785  0.15000000  0.47500000    2.01379312
    786  0.17500000  0.47500000    1.88957831
    787  0.20000000  0.47500000    1.76722017
    788  0.22500000  0.47500000    1.64859808
    789  0.25000000  0.47500000    1.53553755
    790  0.27500000  0.47500000    1.42978112
    791  0.30000000  0.47500000    1.33296066
    792  0.32500000  0.47500000    1.24657144
    793  0.35000000  0.47500000    1.17194843
    794  0.37500000  0.47500000    1.11024516
    795  0.40000000  0.47500000    1.06241545
    796  0.42500000  0.47500000    1.02919829
    797  0.45000000  0.47500000    1.01110610
    798  0.47500000  0.47500000    1.00841652
    799  0.50000000  0.47500000    1.02116799
    800  0.52500000  0.47500000    1.04915890
    801  0.55000000  0.47500000    1.09195071
    802  0.57500000  0.47500000    1.14887458
    803  0.60000000  0.47500000    1.21904176
    804  0.62500000  0.47500000    1.30135732
    805  0.65000000  0.47500000    1.39453714
    806  0.67500000  0.47500000    1.49712789
    807  0.70000000  0.47500000    1.60752959
    808  0.72500000  0.47500000    1.72402055
    809  0.75000000  0.47500000    1.84478409
    810  0.77500000  0.47500000    1.96793690
    811  0.80000000  0.47500000    2.09155832
    812  0.82500000  0.47500000    2.21372028
    813  0.85000000  0.47500000    2.33251729
    814  0.87500000  0.47500000    2.44609621
    815  0.90000000  0.47500000    2.55268506
    816  0.92500000  0.47500000    2.65062064
    817  0.95000000  0.47500000    2.73837451
    818  0.97500000  0.47500000    2.81457675
    819  1.00000000  0.47500000    2.87803734
    820  0.00000000  0.50000000    2.59847214
    821  0.02500000  0.50000000    2.49267709
    822  0.05000000  0.50000000    2.37963332
    823  0.07500000  0.50000000    2.26102841
    824  0.10000000  0.50000000    2.13864852
    825  0.12500000  0.50000000    2.01434853
    826  0.15000000  0.50000000    1.89002157
    827  0.17500000  0.50000000    1.76756814
    828  0.20000000  0.50000000    1.64886540
    829  0.22500000  0.50000000    1.53573700
    830  0.25000000  0.50000000    1.42992390
    831  0.27500000  0.50000000    1.33305661
    832  0.30000000  0.50000000    1.24662923
    833  0.32500000  0.50000000    1.17197571
    834  0.35000000  0.50000000    1.11024869
    835  0.37500000  0.50000000    1.06240117
    836  0.40000000  0.50000000    1.02917142
    837  0.42500000  0.50000000    1.01107116
    838  0.45000000  0.50000000    1.00837744
    839  0.47500000  0.50000000    1.02112809
    840  0.50000000  0.50000000    1.04912099
    841  0.52500000  0.50000000    1.09191705
    842  0.55000000  0.50000000    1.14884698
    843  0.57500000  0.50000000    1.21902157
    844  0.60000000  0.50000000    1.30134547
    845  0.62500000  0.50000000    1.39453422
    846  0.65000000  0.50000000    1.49713416
    847  0.67500000  0.50000000    1.60754504
    848  0.70000000  0.50000000    1.72404496
    849  0.72500000  0.50000000    1.84481709
    850  0.75000000  0.50000000    1.96797804
    851  0.77500000  0.50000000    2.09160716
    852  0.80000000  0.50000000    2.21377641
    853  0.82500000  0.50000000    2.33258049
    854  0.85000000  0.50000000    2.44616645
    855  0.87500000  0.50000000    2.55276258
    856  0.90000000  0.50000000    2.65070605
    857  0.92500000  0.50000000    2.73846879
    858  0.95000000  0.50000000    2.81468133
    859  0.97500000  0.50000000    2.87815412
    860  1.00000000  0.50000000    2.92789610
    861  0.00000000  0.52500000    2.49392030
    862  0.02500000  0.52500000    2.38066887
    863  0.05000000  0.52500000    2.26188591
    864  0.07500000  0.52500000    2.13935331
    865  0.10000000  0.52500000    2.01492240
    866  0.12500000  0.52500000    1.89048335
    867  0.15000000  0.52500000    1.76793418
    868  0.17500000  0.52500000    1.64914994
    869  0.20000000  0.52500000    1.53595251
    870  0.22500000  0.52500000    1.43008132
    871  0.25000000  0.52500000    1.33316558
    872  0.27500000  0.52500000    1.24669824
    873  0.30000000  0.52500000    1.17201228
    874  0.32500000  0.52500000    1.11025944
    875  0.35000000  0.52500000    1.06239196
    876  0.37500000  0.52500000    1.02914739
    877  0.40000000  0.52500000    1.01103683
    878  0.42500000  0.52500000    1.00833673
    879  0.45000000  0.52500000    1.02108437
    880  0.47500000  0.52500000    1.04907712
    881  0.50000000  0.52500000    1.09187542
    882  0.52500000  0.52500000    1.14880950
    883  0.55000000  0.52500000    1.21898976
    884  0.57500000  0.52500000    1.30132044
    885  0.60000000  0.52500000    1.39451672
    886  0.62500000  0.52500000    1.49712461
    887  0.65000000  0.52500000    1.60754360
    888  0.67500000  0.52500000    1.72405152
    889  0.70000000  0.52500000    1.84483138
    890  0.72500000  0.52500000    1.96799965
    891  0.75000000  0.52500000    2.09163562
    892  0.77500000  0.52500000    2.21381126
    893  0.80000000  0.52500000    2.33262133
    894  0.82500000  0.52500000    2.44621304
    895  0.85000000  0.52500000    2.55281490
    896  0.87500000  0.52500000    2.65076434
    897  0.90000000  0.52500000    2.73853366
    898  0.92500000  0.52500000    2.81475377
    899  0.95000000  0.52500000    2.87823557
    900  0.97500000  0.52500000    2.92798846
    901  1.00000000  0.52500000    2.96323581
    902  0.00000000  0.55000000    2.38166099
    903  0.02500000  0.55000000    2.26271170
    904  0.05000000  0.55000000    2.14003549
    905  0.07500000  0.55000000    2.01548065
    906  0.10000000  0.55000000    1.89093479
    907  0.12500000  0.55000000    1.76829376
    908  0.15000000  0.55000000    1.64943081
    909  0.17500000  0.55000000    1.53616625
    910  0.20000000  0.55000000    1.43023818
    911  0.22500000  0.55000000    1.33327463
    912  0.25000000  0.55000000    1.24676752
    913  0.27500000  0.55000000    1.17204891
    914  0.30000000  0.55000000    1.11026975
    915  0.32500000  0.55000000    1.06238155
    916  0.35000000  0.55000000    1.02912120
    917  0.37500000  0.55000000    1.01099921
    918  0.40000000  0.55000000    1.00829150
    919  0.42500000  0.55000000    1.02103482
    920  0.45000000  0.55000000    1.04902609
    921  0.47500000  0.55000000    1.09182529
    922  0.50000000  0.55000000    1.14876225
    923  0.52500000  0.55000000    1.21894695
    924  0.55000000  0.55000000    1.30128328
    925  0.57500000  0.55000000    1.39448607
    926  0.60000000  0.55000000    1.49710099
    927  0.62500000  0.55000000    1.60752726
    928  0.65000000  0.55000000    1.72404244
    929  0.67500000  0.55000000    1.84482934
    930  0.70000000  0.55000000    1.96800427
    931  0.72500000  0.55000000    2.09164638
    932  0.75000000  0.55000000    2.21382761
    933  0.77500000  0.55000000    2.33264273
    934  0.80000000  0.55000000    2.44623900
    935  0.82500000  0.55000000    2.55284510
    936  0.85000000  0.55000000    2.65079870
    937  0.87500000  0.55000000    2.73857235
    938  0.90000000  0.55000000    2.81479735
    939  0.92500000  0.55000000    2.87828497
    940  0.95000000  0.55000000    2.92804510
    941  0.97500000  0.55000000    2.96330157
    942  1.00000000  0.55000000    2.98350429
    943  0.00000000  0.57500000    2.26344599
    944  0.02500000  0.57500000    2.14064477
    945  0.05000000  0.57500000    2.01598087
    946  0.07500000  0.57500000    1.89134000
    947  0.10000000  0.57500000    1.76861644
    948  0.12500000  0.57500000    1.64968208
    949  0.15000000  0.57500000    1.53635610
    950  0.17500000  0.57500000    1.43037555
    951  0.20000000  0.57500000    1.33336755
    952  0.22500000  0.57500000    1.24682320
    953  0.25000000  0.57500000    1.17207380
    954  0.27500000  0.57500000    1.11026962
    955  0.30000000  0.57500000    1.06236153
    956  0.32500000  0.57500000    1.02908586
    957  0.35000000  0.57500000    1.01095259
    958  0.37500000  0.57500000    1.00823715
    959  0.40000000  0.57500000    1.02097587
    960  0.42500000  0.57500000    1.04896521
    961  0.45000000  0.57500000    1.09176478
    962  0.47500000  0.57500000    1.14870403
    963  0.50000000  0.57500000    1.21889257
    964  0.52500000  0.57500000    1.30123397
    965  0.55000000  0.57500000    1.39444270
    966  0.57500000  0.57500000    1.49706416
    967  0.60000000  0.57500000    1.60749725
    968  0.62500000  0.57500000    1.72401930
    969  0.65000000  0.57500000    1.84481287
    970  0.67500000  0.57500000    1.96799407
    971  0.70000000  0.57500000    2.09164190
    972  0.72500000  0.57500000    2.21382819
    973  0.75000000  0.57500000    2.33264765
    974  0.77500000  0.57500000    2.44624756
    975  0.80000000  0.57500000    2.55285669
    976  0.82500000  0.57500000    2.65081284
    977  0.85000000  0.57500000    2.73858880
    978  0.87500000  0.57500000    2.81481616
    979  0.90000000  0.57500000    2.87830659
    980  0.92500000  0.57500000    2.92807037
    981  0.95000000  0.57500000    2.96333181
    982  0.97500000  0.57500000    2.98354135
    983  1.00000000  0.57500000    2.98838405
    984  0.00000000  0.60000000    2.14112001
    985  0.02500000  0.60000000    2.01637162
    986  0.05000000  0.60000000    1.89165561
    987  0.07500000  0.60000000    1.76886550
    988  0.10000000  0.60000000    1.64987256
    989  0.12500000  0.60000000    1.53649541
    990  0.15000000  0.60000000    1.43047061
    991  0.17500000  0.60000000    1.33342475
    992  0.20000000  0.60000000    1.24684843
    993  0.22500000  0.60000000    1.17207247
    994  0.25000000  0.60000000    1.11024661
    995  0.27500000  0.60000000    1.06232128
    996  0.30000000  0.60000000    1.02903236
    997  0.32500000  0.60000000    1.01088938
    998  0.35000000  0.60000000    1.00816739
    999  0.37500000  0.60000000    1.02090233
   1000  0.40000000  0.60000000    1.04889031
   1001  0.42500000  0.60000000    1.09169061
   1002  0.45000000  0.60000000    1.14863235
   1003  0.47500000  0.60000000    1.21882484
   1004  0.50000000  0.60000000    1.30117132
   1005  0.52500000  0.60000000    1.39438601
   1006  0.55000000  0.60000000    1.49701400
   1007  0.57500000  0.60000000    1.60745393
   1008  0.60000000  0.60000000    1.72398287
   1009  0.62500000  0.60000000    1.84478313
   1010  0.65000000  0.60000000    1.96797061
   1011  0.67500000  0.60000000    2.09162411
   1012  0.70000000  0.60000000    2.21381533
   1013  0.72500000  0.60000000    2.33263884
   1014  0.75000000  0.60000000    2.44624189
   1015  0.77500000  0.60000000    2.55285322
   1016  0.80000000  0.60000000    2.65081073
   1017  0.82500000  0.60000000    2.73858736
   1018  0.85000000  0.60000000    2.81481492
   1019  0.87500000  0.60000000    2.87830540
   1020  0.90000000  0.60000000    2.92806948
   1021  0.92500000  0.60000000    2.96333194
   1022  0.95000000  0.60000000    2.98354371
   1023  0.97500000  0.60000000    2.98839041
   1024  1.00000000  0.60000000    2.97779724
   1025  0.00000000  0.62500000    2.01659189
   1026  0.02500000  0.62500000    1.89183036
   1027  0.05000000  0.62500000    1.76899772
   1028  0.07500000  0.62500000    1.64996561
   1029  0.10000000  0.62500000    1.53655296
   1030  0.12500000  0.62500000    1.43049658
   1031  0.15000000  0.62500000    1.33342316
   1032  0.17500000  0.62500000    1.24682330
   1033  0.20000000  0.62500000    1.17202767
   1034  0.22500000  0.62500000    1.11018584
   1035  0.25000000  0.62500000    1.06224797
   1036  0.27500000  0.62500000    1.02894964
   1037  0.30000000  0.62500000    1.01080013
   1038  0.32500000  0.62500000    1.00807416
   1039  0.35000000  0.62500000    1.02080742
   1040  0.37500000  0.62500000    1.04879573
   1041  0.40000000  0.62500000    1.09159811
   1042  0.42500000  0.62500000    1.14854343
   1043  0.45000000  0.62500000    1.21874074
   1044  0.47500000  0.62500000    1.30109305
   1045  0.50000000  0.62500000    1.39431432
   1046  0.52500000  0.62500000    1.49694940
   1047  0.55000000  0.62500000    1.60739669
   1048  0.57500000  0.62500000    1.72393301
   1049  0.60000000  0.62500000    1.84474045
   1050  0.62500000  0.62500000    1.96793467
   1051  0.65000000  0.62500000    2.09159428
   1052  0.67500000  0.62500000    2.21379075
   1053  0.70000000  0.62500000    2.33261853
   1054  0.72500000  0.62500000    2.44622472
   1055  0.75000000  0.62500000    2.55283800
   1056  0.77500000  0.62500000    2.65079625
   1057  0.80000000  0.62500000    2.73857247
   1058  0.82500000  0.62500000    2.81479861
   1059  0.85000000  0.62500000    2.87828691
   1060  0.87500000  0.62500000    2.92804838
   1061  0.90000000  0.62500000    2.96330822
   1062  0.92500000  0.62500000    2.98351788
   1063  0.95000000  0.62500000    2.98836354
   1064  0.97500000  0.62500000    2.97777101
   1065  1.00000000  0.62500000    2.95190681
   1066  0.00000000  0.65000000    1.89180487
   1067  0.02500000  0.65000000    1.76896335
   1068  0.05000000  0.65000000    1.64991931
   1069  0.07500000  0.65000000    1.53649316
   1070  0.10000000  0.65000000    1.43042300
   1071  0.12500000  0.65000000    1.33333652
   1072  0.15000000  0.65000000    1.24672501
   1073  0.17500000  0.65000000    1.17191959
   1074  0.20000000  0.65000000    1.11007002
   1075  0.22500000  0.65000000    1.06212652
   1076  0.25000000  0.65000000    1.02882464
   1077  0.27500000  0.65000000    1.01067351
   1078  0.30000000  0.65000000    1.00794772
   1079  0.32500000  0.65000000    1.02068277
   1080  0.35000000  0.65000000    1.04867433
   1081  0.37500000  0.65000000    1.09148124
   1082  0.40000000  0.65000000    1.14843219
   1083  0.42500000  0.65000000    1.21863607
   1084  0.45000000  0.65000000    1.30099570
   1085  0.47500000  0.65000000    1.39422485
   1086  0.50000000  0.65000000    1.49686820
   1087  0.52500000  0.65000000    1.60732392
   1088  0.55000000  0.65000000    1.72386865
   1089  0.57500000  0.65000000    1.84468425
   1090  0.60000000  0.65000000    1.96788617
   1091  0.62500000  0.65000000    2.09155279
   1092  0.65000000  0.65000000    2.21375539
   1093  0.67500000  0.65000000    2.33258820
   1094  0.70000000  0.65000000    2.44619816
   1095  0.72500000  0.65000000    2.55281378
   1096  0.75000000  0.65000000    2.65077284
   1097  0.77500000  0.65000000    2.73854831
   1098  0.80000000  0.65000000    2.81477217
   1099  0.82500000  0.65000000    2.87825678
   1100  0.85000000  0.65000000    2.92801339
   1101  0.87500000  0.65000000    2.96326757
   1102  0.90000000  0.65000000    2.98347123
   1103  0.92500000  0.65000000    2.98831113
   1104  0.95000000  0.65000000    2.97771373
   1105  0.97500000  0.65000000    2.95184624
   1106  1.00000000  0.65000000    2.91111399
   1107  0.00000000  0.67500000    1.76870619
   1108  0.02500000  0.67500000    1.64968680
   1109  0.05000000  0.67500000    1.53627658
   1110  0.07500000  0.67500000    1.43021627
   1111  0.10000000  0.67500000    1.33313584
   1112  0.12500000  0.67500000    1.24652833
   1113  0.15000000  0.67500000    1.17172608
   1114  0.17500000  0.67500000    1.10987968
   1115  0.20000000  0.67500000    1.06193984
   1116  0.22500000  0.67500000    1.02864232
   1117  0.25000000  0.67500000    1.01049638
   1118  0.27500000  0.67500000    1.00777661
   1119  0.30000000  0.67500000    1.02051847
   1120  0.32500000  0.67500000    1.04851756
   1121  0.35000000  0.67500000    1.09133266
   1122  0.37500000  0.67500000    1.14829237
   1123  0.40000000  0.67500000    1.21850549
   1124  0.42500000  0.67500000    1.30087475
   1125  0.45000000  0.67500000    1.39411382
   1126  0.47500000  0.67500000    1.49676724
   1127  0.50000000  0.67500000    1.60723306
   1128  0.52500000  0.67500000    1.72378774
   1129  0.55000000  0.67500000    1.84461298
   1130  0.57500000  0.67500000    1.96782404
   1131  0.60000000  0.67500000    2.09149910
   1132  0.62500000  0.67500000    2.21370921
   1133  0.65000000  0.67500000    2.33254839
   1134  0.67500000  0.67500000    2.44616335
   1135  0.70000000  0.67500000    2.55278241
   1136  0.72500000  0.67500000    2.65074316
   1137  0.75000000  0.67500000    2.73851841
   1138  0.77500000  0.67500000    2.81474005
   1139  0.80000000  0.67500000    2.87822044
   1140  0.82500000  0.67500000    2.92797091
   1141  0.85000000  0.67500000    2.96321726
   1142  0.87500000  0.67500000    2.98341178
   1143  0.90000000  0.67500000    2.98824176
   1144  0.92500000  0.67500000    2.97763434
   1145  0.95000000  0.67500000    2.95175751
   1146  0.97500000  0.67500000    2.91101742
   1147  1.00000000  0.67500000    2.85605195
   1148  0.00000000  0.70000000    1.64921677
   1149  0.02500000  0.70000000    1.53586077
   1150  0.05000000  0.70000000    1.42984070
   1151  0.07500000  0.70000000    1.33279049
   1152  0.10000000  0.70000000    1.24620646
   1153  0.12500000  0.70000000    1.17142343
   1154  0.15000000  0.70000000    1.10959371
   1155  0.17500000  0.70000000    1.06166907
   1156  0.20000000  0.70000000    1.02838594
   1157  0.22500000  0.70000000    1.01025393
   1158  0.25000000  0.70000000    1.00754779
   1159  0.27500000  0.70000000    1.02030308
   1160  0.30000000  0.70000000    1.04831546
   1161  0.32500000  0.70000000    1.09114372
   1162  0.35000000  0.70000000    1.14811648
   1163  0.37500000  0.70000000    1.21834255
   1164  0.40000000  0.70000000    1.30072466
   1165  0.42500000  0.70000000    1.39397646
   1166  0.45000000  0.70000000    1.49664245
   1167  0.47500000  0.70000000    1.60712062
   1168  0.50000000  0.70000000    1.72368735
   1169  0.52500000  0.70000000    1.84452421
   1170  0.55000000  0.70000000    1.96774632
   1171  0.57500000  0.70000000    2.09143169
   1172  0.60000000  0.70000000    2.21365118
   1173  0.62500000  0.70000000    2.33249860
   1174  0.65000000  0.70000000    2.44612041
   1175  0.67500000  0.70000000    2.55274469
   1176  0.70000000  0.70000000    2.65070877
   1177  0.72500000  0.70000000    2.73848524
   1178  0.75000000  0.70000000    2.81470576
   1179  0.77500000  0.70000000    2.87818253
   1180  0.80000000  0.70000000    2.92792681
   1181  0.82500000  0.70000000    2.96316442
   1182  0.85000000  0.70000000    2.98334783
   1183  0.87500000  0.70000000    2.98816475
   1184  0.90000000  0.70000000    2.97754288
   1185  0.92500000  0.70000000    2.95165104
   1186  0.95000000  0.70000000    2.91089635
   1187  0.97500000  0.70000000    2.85591773
   1188  1.00000000  0.70000000    2.78757578
   1189  0.00000000  0.72500000    1.53520121
   1190  0.02500000  0.72500000    1.42925996
   1191  0.05000000  0.72500000    1.33226983
   1192  0.07500000  0.72500000    1.24573265
   1193  0.10000000  0.72500000    1.17098763
   1194  0.12500000  0.72500000    1.10919024
   1195  0.15000000  0.72500000    1.06129428
   1196  0.17500000  0.72500000    1.02803740
   1197  0.20000000  0.72500000    1.00992984
   1198  0.22500000  0.72500000    1.00724672
   1199  0.25000000  0.72500000    1.02002376
   1200  0.27500000  0.72500000    1.04805674
   1201  0.30000000  0.72500000    1.09090455
   1202  0.32500000  0.72500000    1.14789593
   1203  0.35000000  0.72500000    1.21813979
   1204  0.37500000  0.72500000    1.30053894
   1205  0.40000000  0.72500000    1.39380713
   1206  0.42500000  0.72500000    1.49648892
   1207  0.45000000  0.72500000    1.60698233
   1208  0.47500000  0.72500000    1.72356372
   1209  0.50000000  0.72500000    1.84441466
   1210  0.52500000  0.72500000    1.96765017
   1211  0.55000000  0.72500000    2.09134816
   1212  0.57500000  0.72500000    2.21357933
   1213  0.60000000  0.72500000    2.33243730
   1214  0.62500000  0.72500000    2.44606831
   1215  0.65000000  0.72500000    2.55270019
   1216  0.67500000  0.72500000    2.65066998
   1217  0.70000000  0.72500000    2.73844995
   1218  0.72500000  0.72500000    2.81467149
   1219  0.75000000  0.72500000    2.87814645
   1220  0.77500000  0.72500000    2.92788586
   1221  0.80000000  0.72500000    2.96311534
   1222  0.82500000  0.72500000    2.98328729
   1223  0.85000000  0.72500000    2.98808953
   1224  0.87500000  0.72500000    2.97745015
   1225  0.90000000  0.72500000    2.95153861
   1226  0.92500000  0.72500000    2.91076303
   1227  0.95000000  0.72500000    2.85576356
   1228  0.97500000  0.72500000    2.78740221
   1229  1.00000000  0.72500000    2.70674906
   1230  0.00000000  0.75000000    1.42843868
   1231  0.02500000  0.75000000    1.33154573
   1232  0.05000000  0.75000000    1.24508284
   1233  0.07500000  0.75000000    1.17039672
   1234  0.10000000  0.75000000    1.10864846
   1235  0.12500000  0.75000000    1.06079562
   1236  0.15000000  0.75000000    1.02757793
   1237  0.17500000  0.75000000    1.00950671
   1238  0.20000000  0.75000000    1.00685752
   1239  0.22500000  0.75000000    1.01966625
   1240  0.25000000  0.75000000    1.04772878
   1241  0.27500000  0.75000000    1.09060410
   1242  0.30000000  0.75000000    1.14762107
   1243  0.32500000  0.75000000    1.21788878
   1244  0.35000000  0.75000000    1.30031026
   1245  0.37500000  0.75000000    1.39359942
   1246  0.40000000  0.75000000    1.49630101
   1247  0.42500000  0.75000000    1.60681319
   1248  0.45000000  0.75000000    1.72341244
   1249  0.47500000  0.75000000    1.84428037
   1250  0.50000000  0.75000000    1.96753204
   1251  0.52500000  0.75000000    2.09124531
   1252  0.55000000  0.75000000    2.21349080
   1253  0.57500000  0.75000000    2.33236199
   1254  0.60000000  0.75000000    2.44600495
   1255  0.62500000  0.75000000    2.55264726
   1256  0.65000000  0.75000000    2.65062569
   1257  0.67500000  0.75000000    2.73841219
   1258  0.70000000  0.75000000    2.81463776
   1259  0.72500000  0.75000000    2.87811388
   1260  0.75000000  0.75000000    2.92785113
   1261  0.77500000  0.75000000    2.96307474
   1262  0.80000000  0.75000000    2.98323677
   1263  0.82500000  0.75000000    2.98802481
   1264  0.85000000  0.75000000    2.97736692
   1265  0.87500000  0.75000000    2.95143287
   1266  0.90000000  0.75000000    2.91063147
   1267  0.92500000  0.75000000    2.85560407
   1268  0.95000000  0.75000000    2.78721431
   1269  0.97500000  0.75000000    2.70653422
   1270  1.00000000  0.75000000    2.61482699
   1271  0.00000000  0.77500000    1.33059517
   1272  0.02500000  0.77500000    1.24423972
   1273  0.05000000  0.77500000    1.16963486
   1274  0.07500000  0.77500000    1.10795193
   1275  0.10000000  0.77500000    1.06015555
   1276  0.12500000  0.77500000    1.02698945
   1277  0.15000000  0.77500000    1.00896667
   1278  0.17500000  0.77500000    1.00636324
   1279  0.20000000  0.77500000    1.01921499
   1280  0.22500000  0.77500000    1.04731762
   1281  0.25000000  0.77500000    1.09023002
   1282  0.27500000  0.77500000    1.14728112
   1283  0.30000000  0.77500000    1.21758019
   1284  0.32500000  0.77500000    1.30003049
   1285  0.35000000  0.77500000    1.39334624
   1286  0.37500000  0.77500000    1.49607249
   1287  0.40000000  0.77500000    1.60660769
   1288  0.42500000  0.77500000    1.72322855
   1289  0.45000000  0.77500000    1.84411686
   1290  0.47500000  0.77500000    1.96738781
   1291  0.50000000  0.77500000    2.09111932
   1292  0.52500000  0.77500000    2.21338204
   1293  0.55000000  0.77500000    2.33226938
   1294  0.57500000  0.77500000    2.44592729
   1295  0.60000000  0.77500000    2.55258317
   1296  0.62500000  0.77500000    2.65057356
   1297  0.65000000  0.77500000    2.73837009
   1298  0.67500000  0.77500000    2.81460339
   1299  0.70000000  0.77500000    2.87808450
   1300  0.72500000  0.77500000    2.92782350
   1301  0.75000000  0.77500000    2.96304506
   1302  0.77500000  0.77500000    2.98320067
   1303  0.80000000  0.77500000    2.98797732
   1304  0.82500000  0.77500000    2.97730261
   1305  0.85000000  0.77500000    2.95134605
   1306  0.87500000  0.77500000    2.91051655
   1307  0.90000000  0.77500000    2.85545616
   1308  0.92500000  0.77500000    2.78702991
   1309  0.95000000  0.77500000    2.70631203
   1310  0.97500000  0.77500000    2.61456849
   1311  1.00000000  0.77500000    2.51323642
   1312  0.00000000  0.80000000    1.24319750
   1313  0.02500000  0.80000000    1.16869925
   1314  0.05000000  0.80000000    1.10709488
   1315  0.07500000  0.80000000    1.05936343
   1316  0.10000000  0.80000000    1.02625716
   1317  0.12500000  0.80000000    1.00829258
   1318  0.15000000  0.80000000    1.00574616
   1319  0.17500000  0.80000000    1.01865297
   1320  0.20000000  0.80000000    1.04680770
   1321  0.22500000  0.80000000    1.08976854
   1322  0.25000000  0.80000000    1.14686411
   1323  0.27500000  0.80000000    1.21720367
   1324  0.30000000  0.80000000    1.29969074
   1325  0.32500000  0.80000000    1.39303993
   1326  0.35000000  0.80000000    1.49579670
   1327  0.37500000  0.80000000    1.60635994
   1328  0.40000000  0.80000000    1.72300676
   1329  0.42500000  0.80000000    1.84391930
   1330  0.45000000  0.80000000    1.96721299
   1331  0.47500000  0.80000000    2.09096598
   1332  0.50000000  0.80000000    2.21324902
   1333  0.52500000  0.80000000    2.33215557
   1334  0.55000000  0.80000000    2.44583155
   1335  0.57500000  0.80000000    2.55250429
   1336  0.60000000  0.80000000    2.65051012
   1337  0.62500000  0.80000000    2.73832045
   1338  0.65000000  0.80000000    2.81456556
   1339  0.67500000  0.80000000    2.87805607
   1340  0.70000000  0.80000000    2.92780156
   1341  0.72500000  0.80000000    2.96302608
   1342  0.75000000  0.80000000    2.98318039
   1343  0.77500000  0.80000000    2.98795069
   1344  0.80000000  0.80000000    2.97726371
   1345  0.82500000  0.80000000    2.95128810
   1346  0.85000000  0.80000000    2.91043212
   1347  0.87500000  0.80000000    2.85533754
   1348  0.90000000  0.80000000    2.78686988
   1349  0.92500000  0.80000000    2.70610492
   1350  0.95000000  0.80000000    2.61431157
   1351  0.97500000  0.80000000    2.51293108
   1352  1.00000000  0.80000000    2.40355304
   1353  0.00000000  0.82500000    1.16760949
   1354  0.02500000  0.82500000    1.10609440
   1355  0.05000000  0.82500000    1.05842528
   1356  0.07500000  0.82500000    1.02537541
   1357  0.10000000  0.82500000    1.00747057
   1358  0.12500000  0.82500000    1.00498835
   1359  0.15000000  0.82500000    1.01796133
   1360  0.17500000  0.82500000    1.04618119
   1361  0.20000000  0.82500000    1.08920378
   1362  0.22500000  0.82500000    1.14635634
   1363  0.25000000  0.82500000    1.21674764
   1364  0.27500000  0.82500000    1.29928128
   1365  0.30000000  0.82500000    1.39267225
   1366  0.32500000  0.82500000    1.49546661
   1367  0.35000000  0.82500000    1.60606385
   1368  0.37500000  0.82500000    1.72274168
   1369  0.40000000  0.82500000    1.84368278
   1370  0.42500000  0.82500000    1.96700303
   1371  0.45000000  0.82500000    2.09078092
   1372  0.47500000  0.82500000    2.21308749
   1373  0.50000000  0.82500000    2.33201636
   1374  0.52500000  0.82500000    2.44571356
   1375  0.55000000  0.82500000    2.55240640
   1376  0.57500000  0.82500000    2.65043115
   1377  0.60000000  0.82500000    2.73825903
   1378  0.62500000  0.82500000    2.81452010
   1379  0.65000000  0.82500000    2.87802463
   1380  0.67500000  0.82500000    2.92778174
   1381  0.70000000  0.82500000    2.96301488
   1382  0.72500000  0.82500000    2.98317412
   1383  0.75000000  0.82500000    2.98794475
   1384  0.77500000  0.82500000    2.97725243
   1385  0.80000000  0.82500000    2.95126461
   1386  0.82500000  0.82500000    2.91038816
   1387  0.85000000  0.82500000    2.85526356
   1388  0.87500000  0.82500000    2.78675534
   1389  0.90000000  0.82500000    2.70593920
   1390  0.92500000  0.82500000    2.61408549
   1391  0.95000000  0.82500000    2.51263924
   1392  0.97500000  0.82500000    2.40319629
   1393  1.00000000  0.82500000    2.28747575
   1394  0.00000000  0.85000000    1.10501064
   1395  0.02500000  0.85000000    1.05738620
   1396  0.05000000  0.85000000    1.02436260
   1397  0.07500000  0.85000000    1.00649678
   1398  0.10000000  0.85000000    1.00407299
   1399  0.12500000  0.85000000    1.01711832
   1400  0.15000000  0.85000000    1.04541627
   1401  0.17500000  0.85000000    1.08851617
   1402  0.20000000  0.85000000    1.14574131
   1403  0.22500000  0.85000000    1.21619859
   1404  0.25000000  0.85000000    1.29879113
   1405  0.27500000  0.85000000    1.39223430
   1406  0.30000000  0.85000000    1.49507489
   1407  0.32500000  0.85000000    1.60571325
   1408  0.35000000  0.85000000    1.72242798
   1409  0.37500000  0.85000000    1.84340253
   1410  0.40000000  0.85000000    1.96675349
   1411  0.42500000  0.85000000    2.09055992
   1412  0.45000000  0.85000000    2.21289328
   1413  0.47500000  0.85000000    2.33184755
   1414  0.50000000  0.85000000    2.44556899
   1415  0.52500000  0.85000000    2.55228502
   1416  0.55000000  0.85000000    2.65033196
   1417  0.57500000  0.85000000    2.73818098
   1418  0.60000000  0.85000000    2.81446197
   1419  0.62500000  0.85000000    2.87798498
   1420  0.65000000  0.85000000    2.92775875
   1421  0.67500000  0.85000000    2.96300630
   1422  0.70000000  0.85000000    2.98317705
   1423  0.72500000  0.85000000    2.98795549
   1424  0.75000000  0.85000000    2.97726625
   1425  0.77500000  0.85000000    2.95127543
   1426  0.80000000  0.85000000    2.91038827
   1427  0.82500000  0.85000000    2.85524324
   1428  0.85000000  0.85000000    2.78670263
   1429  0.87500000  0.85000000    2.70583993
   1430  0.90000000  0.85000000    2.61392408
   1431  0.92500000  0.85000000    2.51240071
   1432  0.95000000  0.85000000    2.40287008
   1433  0.97500000  0.85000000    2.28706078
   1434  1.00000000  0.85000000    2.16679838
   1435  0.00000000  0.87500000    1.05637781
   1436  0.02500000  0.87500000    1.02330318
   1437  0.05000000  0.87500000    1.00539788
   1438  0.07500000  0.87500000    1.00298913
   1439  0.10000000  0.87500000    1.01609662
   1440  0.12500000  0.87500000    1.04448263
   1441  0.15000000  0.87500000    1.08767861
   1442  0.17500000  0.87500000    1.14499696
   1443  0.20000000  0.87500000    1.21553937
   1444  0.22500000  0.87500000    1.29820728
   1445  0.25000000  0.87500000    1.39171620
   1446  0.27500000  0.87500000    1.49461392
   1447  0.30000000  0.87500000    1.60530212
   1448  0.32500000  0.87500000    1.72206068
   1449  0.35000000  0.87500000    1.84307425
   1450  0.37500000  0.87500000    1.96646045
   1451  0.40000000  0.87500000    2.09029919
   1452  0.42500000  0.87500000    2.21266262
   1453  0.45000000  0.87500000    2.33164525
   1454  0.47500000  0.87500000    2.44539373
   1455  0.50000000  0.87500000    2.55213577
   1456  0.52500000  0.87500000    2.65020784
   1457  0.55000000  0.87500000    2.73808119
   1458  0.57500000  0.87500000    2.81438567
   1459  0.60000000  0.87500000    2.87793119
   1460  0.62500000  0.87500000    2.92772629
   1461  0.65000000  0.87500000    2.96299363
   1462  0.67500000  0.87500000    2.98318219
   1463  0.70000000  0.87500000    2.98797583
   1464  0.72500000  0.87500000    2.97729835
   1465  0.75000000  0.87500000    2.95131470
   1466  0.77500000  0.87500000    2.91042861
   1467  0.80000000  0.87500000    2.85527649
   1468  0.82500000  0.87500000    2.78671788
   1469  0.85000000  0.87500000    2.70582281
   1470  0.87500000  0.87500000    2.61385609
   1471  0.90000000  0.87500000    2.51225939
   1472  0.92500000  0.87500000    2.40263094
   1473  0.95000000  0.87500000    2.28670295
   1474  0.97500000  0.87500000    2.16631480
   1475  1.00000000  0.87500000    2.04337817
   1476  0.00000000  0.90000000    1.02246988
   1477  0.02500000  0.90000000    1.00430850
   1478  0.05000000  0.90000000    1.00175301
   1479  0.07500000  0.90000000    1.01485802
   1480  0.10000000  0.90000000    1.04332981
   1481  0.12500000  0.90000000    1.08664641
   1482  0.15000000  0.90000000    1.14408906
   1483  0.17500000  0.90000000    1.21474548
   1484  0.20000000  0.90000000    1.29751271
   1485  0.22500000  0.90000000    1.39110625
   1486  0.25000000  0.90000000    1.49407563
   1487  0.27500000  0.90000000    1.60482471
   1488  0.30000000  0.90000000    1.72163550
   1489  0.32500000  0.90000000    1.84269451
   1490  0.35000000  0.90000000    1.96612090
   1491  0.37500000  0.90000000    2.08999585
   1492  0.40000000  0.90000000    2.21239254
   1493  0.42500000  0.90000000    2.33140626
   1494  0.45000000  0.90000000    2.44518427
   1495  0.47500000  0.90000000    2.55195472
   1496  0.50000000  0.90000000    2.65005441
   1497  0.52500000  0.90000000    2.73795475
   1498  0.55000000  0.90000000    2.81428570
   1499  0.57500000  0.90000000    2.87785716
   1500  0.60000000  0.90000000    2.92767757
   1501  0.62500000  0.90000000    2.96296941
   1502  0.65000000  0.90000000    2.98318133
   1503  0.67500000  0.90000000    2.98799681
   1504  0.70000000  0.90000000    2.97733905
   1505  0.72500000  0.90000000    2.95137223
   1506  0.75000000  0.90000000    2.91049896
   1507  0.77500000  0.90000000    2.85535405
   1508  0.80000000  0.90000000    2.78679477
   1509  0.82500000  0.90000000    2.70588776
   1510  0.85000000  0.90000000    2.61389301
   1511  0.87500000  0.90000000    2.51224546
   1512  0.90000000  0.90000000    2.40253493
   1513  0.92500000  0.90000000    2.28648543
   1514  0.95000000  0.90000000    2.16593445
   1515  0.97500000  0.90000000    2.04281044
   1516  1.00000000  0.90000000    1.91909920
   1517  0.00000000  0.92500000    1.00381599
   1518  0.02500000  0.92500000    1.00053194
   1519  0.05000000  0.92500000    1.01334780
   1520  0.07500000  0.92500000    1.04185219
   1521  0.10000000  0.92500000    1.08532874
   1522  0.12500000  0.92500000    1.14295407
   1523  0.15000000  0.92500000    1.21377625
   1524  0.17500000  0.92500000    1.29668251
   1525  0.20000000  0.92500000    1.39038958
   1526  0.22500000  0.92500000    1.49345126
   1527  0.25000000  0.92500000    1.60427590
   1528  0.27500000  0.92500000    1.72114936
   1529  0.30000000  0.92500000    1.84226128
   1530  0.32500000  0.92500000    1.96573327
   1531  0.35000000  0.92500000    2.08964842
   1532  0.37500000  0.92500000    2.21208136
   1533  0.40000000  0.92500000    2.33112855
   1534  0.42500000  0.92500000    2.44493809
   1535  0.45000000  0.92500000    2.55173881
   1536  0.47500000  0.92500000    2.64986797
   1537  0.50000000  0.92500000    2.73779732
   1538  0.52500000  0.92500000    2.81415703
   1539  0.55000000  0.92500000    2.87775710
   1540  0.57500000  0.92500000    2.92760599
   1541  0.60000000  0.92500000    2.96292609
   1542  0.62500000  0.92500000    2.98316593
   1543  0.65000000  0.92500000    2.98800872
   1544  0.67500000  0.92500000    2.97737737
   1545  0.70000000  0.92500000    2.95143557
   1546  0.72500000  0.92500000    2.91058529
   1547  0.75000000  0.92500000    2.85546041
   1548  0.77500000  0.92500000    2.78691680
   1549  0.80000000  0.92500000    2.70601891
   1550  0.82500000  0.92500000    2.61402321
   1551  0.85000000  0.92500000    2.51235884
   1552  0.87500000  0.92500000    2.40260622
   1553  0.90000000  0.92500000    2.28647466
   1554  0.92500000  0.92500000    2.16578126
   1555  0.95000000  0.92500000    2.04243463
   1556  0.97500000  0.92500000    1.91842684
   1557  1.00000000  0.92500000    1.79582383
   1558  0.00000000  0.95000000    1.00070721
   1559  0.02500000  0.95000000    1.01157799
   1560  0.05000000  0.95000000    1.03976038
   1561  0.07500000  0.95000000    1.08348983
   1562  0.10000000  0.95000000    1.14144895
   1563  0.12500000  0.95000000    1.21255355
   1564  0.15000000  0.95000000    1.29567627
   1565  0.17500000  0.95000000    1.38954627
   1566  0.20000000  0.95000000    1.49273172
   1567  0.22500000  0.95000000    1.60365218
   1568  0.25000000  0.95000000    1.72060154
   1569  0.27500000  0.95000000    1.84177507
   1570  0.30000000  0.95000000    1.96529842
   1571  0.32500000  0.95000000    2.08925758
   1572  0.35000000  0.95000000    2.21172935
   1573  0.37500000  0.95000000    2.33081178
   1574  0.40000000  0.95000000    2.44465417
   1575  0.42500000  0.95000000    2.55148626
   1576  0.45000000  0.95000000    2.64964596
   1577  0.47500000  0.95000000    2.73760552
   1578  0.50000000  0.95000000    2.81399543
   1579  0.52500000  0.95000000    2.87762590
   1580  0.55000000  0.95000000    2.92750549
   1581  0.57500000  0.95000000    2.96285664
   1582  0.60000000  0.95000000    2.98312782
   1583  0.62500000  0.95000000    2.98800215
   1584  0.65000000  0.95000000    2.97740235
   1585  0.67500000  0.95000000    2.95149193
   1586  0.70000000  0.95000000    2.91067255
   1587  0.72500000  0.95000000    2.85557771
   1588  0.75000000  0.95000000    2.78706270
   1589  0.77500000  0.95000000    2.70619108
   1590  0.80000000  0.95000000    2.61421780
   1591  0.82500000  0.95000000    2.51256925
   1592  0.85000000  0.95000000    2.40282053
   1593  0.87500000  0.95000000    2.28667057
   1594  0.90000000  0.95000000    2.16591603
   1595  0.92500000  0.95000000    2.04242699
   1596  0.95000000  0.95000000    1.91813240
   1597  0.97500000  0.95000000    1.79503676
   1598  1.00000000  0.95000000    1.67530664
   1599  0.00000000  0.97500000    1.01319206
   1600  0.02500000  0.97500000    1.03588188
   1601  0.05000000  0.97500000    1.08026385
   1602  0.07500000  0.97500000    1.13917047
   1603  0.10000000  0.97500000    1.21090889
   1604  0.12500000  0.97500000    1.29442734
   1605  0.15000000  0.97500000    1.38855250
   1606  0.17500000  0.97500000    1.49191116
   1607  0.20000000  0.97500000    1.60295512
   1608  0.22500000  0.97500000    1.71999638
   1609  0.25000000  0.97500000    1.84124093
   1610  0.27500000  0.97500000    1.96482114
   1611  0.30000000  0.97500000    2.08882744
   1612  0.32500000  0.97500000    2.21133969
   1613  0.35000000  0.97500000    2.33045813
   1614  0.37500000  0.97500000    2.44433365
   1615  0.40000000  0.97500000    2.55119714
   1616  0.42500000  0.97500000    2.64938742
   1617  0.45000000  0.97500000    2.73737734
   1618  0.47500000  0.97500000    2.81379785
   1619  0.50000000  0.97500000    2.87745948
   1620  0.52500000  0.97500000    2.92737097
   1621  0.55000000  0.97500000    2.96275487
   1622  0.57500000  0.97500000    2.98305967
   1623  0.60000000  0.97500000    2.98796848
   1624  0.62500000  0.97500000    2.97740394
   1625  0.65000000  0.97500000    2.95152948
   1626  0.67500000  0.97500000    2.91074668
   1627  0.70000000  0.97500000    2.85568895
   1628  0.72500000  0.97500000    2.78721150
   1629  0.75000000  0.97500000    2.70637785
   1630  0.77500000  0.97500000    2.61444286
   1631  0.80000000  0.97500000    2.51283268
   1632  0.82500000  0.97500000    2.40312170
   1633  0.85000000  0.97500000    2.28700665
   1634  0.87500000  0.97500000    2.16627785
   1635  0.90000000  0.97500000    2.04278746
   1636  0.92500000  0.97500000    1.91841463
   1637  0.95000000  0.97500000    1.79503220
   1638  0.97500000  0.97500000    1.67450944
   1639  1.00000000  0.97500000    1.55896769
   1640  0.00000000  1.00000000    1.04107573
   1641  0.02500000  1.00000000    1.06831925
   1642  0.05000000  1.00000000    1.13452694
   1643  0.07500000  1.00000000    1.20849257
   1644  0.10000000  1.00000000    1.29286985
   1645  0.12500000  1.00000000    1.38740963
   1646  0.15000000  1.00000000    1.49100594
   1647  0.17500000  1.00000000    1.60220280
   1648  0.20000000  1.00000000    1.71935031
   1649  0.22500000  1.00000000    1.84067292
   1650  0.25000000  1.00000000    1.96431313
   1651  0.27500000  1.00000000    2.08836752
   1652  0.30000000  1.00000000    2.21091993
   1653  0.32500000  1.00000000    2.33007333
   1654  0.35000000  1.00000000    2.44398060
   1655  0.37500000  1.00000000    2.55087403
   1656  0.40000000  1.00000000    2.64909347
   1657  0.42500000  1.00000000    2.73711257
   1658  0.45000000  1.00000000    2.81356282
   1659  0.47500000  1.00000000    2.87725514
   1660  0.50000000  1.00000000    2.92719854
   1661  0.52500000  1.00000000    2.96261572
   1662  0.55000000  1.00000000    2.98295524
   1663  0.57500000  1.00000000    2.98790022
   1664  0.60000000  1.00000000    2.97737330
   1665  0.62500000  1.00000000    2.95153786
   1666  0.65000000  1.00000000    2.91079545
   1667  0.67500000  1.00000000    2.85577950
   1668  0.70000000  1.00000000    2.78734535
   1669  0.72500000  1.00000000    2.70655675
   1670  0.75000000  1.00000000    2.61466905
   1671  0.77500000  1.00000000    2.51310924
   1672  0.80000000  1.00000000    2.40345310
   1673  0.82500000  1.00000000    2.28739964
   1674  0.85000000  1.00000000    2.16674274
   1675  0.87500000  1.00000000    2.04333972
   1676  0.90000000  1.00000000    1.91907471
   1677  0.92500000  1.00000000    1.79581012
   1678  0.95000000  1.00000000    1.67530058
   1679  0.97500000  1.00000000    1.55896618
   1680  1.00000000  1.00000000    1.44707014
------------------------------------------------
